-1.009766 1.110977 9.66185
-1.014191 1.151199 9.583115
-0.9857025 1.123413 9.619095
-0.9825897 1.188126 9.687622
-1.002365 1.161667 9.62941
-0.9862518 1.141876 9.659286
-1.031448 1.113358 9.584946
-1.020294 1.111496 9.631821
-0.9773865 1.159973 9.626846
-0.9816895 1.127563 9.64476
-1.014786 1.161087 9.618637
-0.9433594 1.144836 9.636368
-1.0121 1.162247 9.625992
-0.9846954 1.172714 9.663788
-1.027649 1.152115 9.611526
-1.015549 1.11647 9.564255
-0.9633331 1.1297 9.641861
-0.9737854 1.139267 9.621643
-1.005447 1.184326 9.618118
-0.9886017 1.149109 9.608856
-0.9848328 1.136917 9.54454
-0.9785461 1.179901 9.673859
-0.9832611 1.152969 9.677841
-1.011795 1.123932 9.564957
-1.031464 1.121552 9.679047
-0.9432526 1.145706 9.625641
-0.9727478 1.137436 9.630463
-1.011444 1.185043 9.57872
-0.9862213 1.155075 9.625916
-0.9612427 1.113571 9.663788
-1.020828 1.143463 9.584335
-0.9851837 1.170273 9.681198
-1.029465 1.137817 9.679672
-1.047943 1.110657 9.627319
-0.9654236 1.189484 9.686752
-0.9773712 1.152542 9.697067
-1.024307 1.175598 9.574463
-0.9956207 1.15242 9.588409
-0.9837646 1.163437 9.643127
-0.9869843 1.164093 9.62587
-1.018356 1.117813 9.611389
-1.038803 1.082458 9.645523
-0.9776917 1.158844 9.652283
-0.9705811 1.120773 9.635742
-0.9533234 1.214493 9.606689
-0.9858398 1.150177 9.576202
-1.004822 1.165482 9.670685
-0.9745026 1.157532 9.66423
-0.9824677 1.15448 9.662201
-0.9812317 1.139328 9.577316
-0.9751587 1.103592 9.637543
-0.9520569 1.147034 9.668686
-0.9984283 1.146957 9.651718
-0.9984283 1.146957 9.651718
-0.9837952 1.141006 9.597549
-0.9931946 1.154449 9.646484
-1.012878 1.166992 9.680176
-0.9971619 1.133545 9.556839
-1.046692 1.082199 9.62825
-0.9693604 1.158081 9.653763
-1.000504 1.144577 9.613968
-1.031174 1.125748 9.616119
-1.031174 1.125748 9.616119
-1.031174 1.125748 9.616119
-0.9907684 1.15184 9.667038
-0.9907684 1.15184 9.667038
-0.9907684 1.15184 9.667038
-0.9907684 1.15184 9.667038
-0.9920502 1.103394 9.638214
-0.9858704 1.180267 9.624802
-0.9966583 1.151062 9.638046
-0.9692078 1.16124 9.637695
-0.9841766 1.143799 9.642502
-0.99646 1.181717 9.730759
-1.010025 1.144577 9.604446
-1.087509 1.130981 9.646896
-0.9743347 1.128922 9.630981
-0.9860077 1.115387 9.681061
-1.01059 1.172394 9.550446
-0.9757843 1.134506 9.694229
-0.9532471 1.130966 9.679947
-1.002441 1.148285 9.624084
-0.9700775 1.136398 9.669312
-1.031616 1.129562 9.64476
-0.9881897 1.107681 9.621262
-0.9383545 1.164841 9.627029
-0.9581299 1.204605 9.658356
-0.9911652 1.144226 9.642883
-0.9769287 1.14505 9.575974
-0.9536438 1.118225 9.677597
-0.9835968 1.168106 9.602371
-0.9765625 1.15181 9.613647
-1.029068 1.115158 9.653503
-0.9514465 1.143372 9.672821
-0.9754333 1.129822 9.605179
-0.9648438 1.182724 9.633987
-0.9797668 1.170197 9.666183
-0.9920349 1.163742 9.609894
-0.9824524 1.178711 9.603745
-1.016617 1.152481 9.706009
-1.011139 1.133774 9.581757
-1.050888 1.111908 9.66568
-0.983963 1.120621 9.625793
-0.9412994 1.136658 9.644257
-1.024567 1.226822 9.626373
-0.9816589 1.141357 9.678772
-0.9869537 1.128845 9.632751
-0.9865112 1.181015 9.613831
-1.007309 1.134323 9.653473
-1.049362 1.135147 9.620911
-1.007568 1.088593 9.667252
-0.9851074 1.135864 9.593872
-0.976181 1.19429 9.608246
-1.01622 1.169495 9.685852
-0.965271 1.181168 9.607941
-1.005066 1.177231 9.631516
-0.9724121 1.180008 9.684799
-1.003464 1.138565 9.652161
-1.060471 1.113556 9.597656
-0.9799042 1.148041 9.6548
-0.9691315 1.12941 9.642807
-0.9649811 1.193695 9.571335
-0.9711609 1.134476 9.620895
-0.9693909 1.153564 9.578094
-1.01149 1.159332 9.612061
-1.012314 1.152466 9.675766
-1.017807 1.152969 9.607956
-0.9899902 1.123825 9.599716
-0.9616394 1.124207 9.605255
-0.9560699 1.171875 9.577194
-1.022293 1.152069 9.617294
-0.964798 1.134781 9.605911
-1.006821 1.165451 9.697113
-0.9678497 1.17984 9.583679
-1.012283 1.149063 9.57518
-1.053223 1.098434 9.673309
-0.9803162 1.120148 9.579666
-0.9752808 1.143524 9.693817
-1.019821 1.179352 9.598373
-1.010361 1.164383 9.668747
-0.9595184 1.146927 9.646866
-0.9791718 1.221146 9.580002
-0.9988861 1.185654 9.644791
-1.058289 1.15181 9.566284
-1.05455 1.153793 9.668198
-0.9637604 1.124969 9.641968
-1.0168 1.107544 9.6651
-1.006973 1.169235 9.559769
-0.9676666 1.145981 9.625656
-1.006546 1.170349 9.635651
-1.034149 1.233322 9.646042
-1.025635 1.167053 9.635132
-1.019287 1.16156 9.603134
-1.01384 1.171661 9.742218
-0.989563 1.180542 9.609283
-0.9687195 1.175674 9.624023
-1.009918 1.167999 9.702698
-1.001282 1.149063 9.610596
-1.018585 1.154144 9.673462
-0.9378204 1.188644 9.641708
-0.9728394 1.168747 9.626663
-1.006989 1.170135 9.643372
-1.006989 1.170135 9.643372
-0.9995422 1.122742 9.630844
-1.012268 1.107452 9.595383
-0.9617157 1.086212 9.654633
-0.9229126 1.088852 9.622192
-0.9990082 1.101547 9.57695
-1.015427 1.139648 9.647614
-1.031097 1.15715 9.662766
-0.9809418 1.113892 9.653122
-0.9905548 1.161377 9.62532
-0.9868774 1.142456 9.680679
-1.008408 1.128525 9.618958
-1.044693 1.12384 9.60022
-0.9727631 1.117722 9.616211
-0.9763184 1.139252 9.680771
-0.9903412 1.109482 9.649292
-1.00325 1.103973 9.633011
-0.9874725 1.134796 9.641296
-0.9803925 1.103302 9.601318
-0.9859619 1.091614 9.630524
-0.9633026 1.091782 9.681076
-1.004395 1.153137 9.65329
-0.9714813 1.147949 9.68219
-0.9610596 1.13739 9.651978
-0.9744873 1.118515 9.620987
-1.009354 1.151001 9.618912
-0.9874268 1.110443 9.631424
-0.9755249 1.149338 9.631638
-0.9864044 1.133896 9.66687
-0.983078 1.135986 9.625732
-0.9753418 1.131851 9.599823
-0.9641113 1.118439 9.648483
-0.9941864 1.098877 9.662704
-0.9639893 1.119858 9.64386
-0.9483795 1.098953 9.574631
-0.966507 1.151367 9.600739
-1.001785 1.129013 9.637772
-0.9506836 1.128006 9.642441
-1.008163 1.146362 9.628326
-0.9889526 1.131622 9.612274
-1.004211 1.09935 9.661331
-0.9605713 1.121292 9.66066
-0.994751 1.10466 9.604279
-1.009766 1.137985 9.649551
-0.9707489 1.138626 9.635391
-0.9782715 1.131439 9.642242
-0.9739685 1.108765 9.604599
-0.9854584 1.135956 9.621872
-1.026581 1.142303 9.605545
-1.00119 1.12178 9.633301
-1.023636 1.166 9.637436
-0.9602356 1.161224 9.59314
-0.9664154 1.153793 9.597137
-0.945816 1.15686 9.642365
-0.9794464 1.142136 9.715134
-0.983902 1.129608 9.61911
-0.9689636 1.130508 9.653488
-0.9695587 1.132141 9.569931
-1.012405 1.166 9.646103
-1.007996 1.113998 9.655457
-1.01062 1.135986 9.595016
-0.9999542 1.121536 9.626465
-0.9549866 1.157257 9.712952
-1.0009 1.135361 9.653809
-1.00708 1.126846 9.629242
-0.9650726 1.111359 9.64682
-1.034744 1.138016 9.611588
-0.9989471 1.139526 9.615784
-1.026703 1.141708 9.603027
-0.9546051 1.121124 9.580536
-0.972168 1.172424 9.649109
-0.9802399 1.160629 9.632278
-1.005066 1.14183 9.60733
-0.952774 1.132751 9.588318
-0.9982605 1.134689 9.632385
-0.9734497 1.175339 9.605286
-1.010117 1.142105 9.607361
-0.993454 1.143921 9.579361
-0.972229 1.152466 9.652313
-0.9743195 1.113632 9.656815
-0.9612732 1.13443 9.679199
-0.962616 1.155014 9.687744
-1.001617 1.196014 9.66275
-0.9967041 1.197662 9.637939
-1.003922 1.135651 9.600098
-1.010239 1.142197 9.632553
-0.9828796 1.150131 9.604492
-1.016098 1.135406 9.629562
-1.006302 1.158493 9.606064
-0.9812317 1.137863 9.582184
-1.000565 1.113968 9.621841
-0.9826355 1.190796 9.59285
-0.9826355 1.190796 9.59285
-1.035721 1.144775 9.633224
-1.003006 1.181885 9.639023
-0.9842072 1.179276 9.647888
-0.9736176 1.126053 9.638489
-0.9982605 1.171112 9.631516
-1.006332 1.158859 9.654236
-1.002014 1.156738 9.62262
-0.9953156 1.182709 9.602951
-1.023117 1.17746 9.611679
-1.008606 1.186462 9.659439
-1.01329 1.144562 9.684113
-0.9928894 1.175995 9.61055
-1.02269 1.201126 9.592651
-1.033249 1.18988 9.637955
-0.9943542 1.182495 9.597855
-1.036865 1.142685 9.638153
-1.000061 1.173279 9.64888
-1.013596 1.169174 9.586334
-1.039169 1.147369 9.60321
-1.025818 1.151718 9.639175
-0.930069 1.167145 9.626404
-1.032455 1.156464 9.628647
-1.00383 1.158356 9.64444
-0.9972992 1.202667 9.585419
-1.009552 1.143906 9.629395
-1.024017 1.166092 9.615799
-1.023987 1.144928 9.62352
-1.034103 1.158325 9.585159
-0.9838409 1.154846 9.611862
-0.9459686 1.126923 9.654831
-1.015594 1.211349 9.584488
-1.008499 1.200333 9.633713
-0.9794922 1.178345 9.602524
-1.017609 1.170731 9.643951
-1.007416 1.1548 9.624878
-1.026413 1.154099 9.618179
-1.00148 1.13916 9.607895
-0.9818726 1.145981 9.66716
-0.9421997 1.130692 9.651276
-0.9943237 1.20549 9.60759
-1.012146 1.180099 9.673355
-1.014709 1.220123 9.615952
-0.9893188 1.154388 9.60495
-1.003677 1.175903 9.627457
-1.042114 1.142838 9.590256
-1.024597 1.137573 9.603043
-1.03331 1.118652 9.62085
-0.9759216 1.166519 9.654495
-0.9743195 1.182663 9.662766
-1.00119 1.172714 9.625961
-1.006363 1.16893 9.663788
-1.034195 1.17247 9.65744
-1.023499 1.178329 9.620407
-0.9909821 1.158936 9.650421
-1.044907 1.129761 9.59877
-1.002975 1.167969 9.655823
-1.009781 1.178711 9.640488
-0.9766998 1.141235 9.631561
-0.9941864 1.175369 9.645309
-1.008316 1.194 9.612503
-0.9949646 1.132004 9.63501
-0.9709015 1.166977 9.625412
-1.006912 1.148514 9.632446
-1.037903 1.163452 9.670639
-1.04538 1.129059 9.61557
-0.9592285 1.174225 9.634033
-0.9808044 1.179947 9.639481
-1.013092 1.173813 9.628601
-0.9744415 1.1828 9.630768
-0.9933624 1.137421 9.598495
-0.9971466 1.197281 9.636765
-1.001373 1.192444 9.657486
-1.069534 1.139542 9.647827
-1.009735 1.128235 9.627213
-0.9689026 1.18042 9.660583
-0.9812622 1.177902 9.624786
-0.9934235 1.179504 9.620148
-0.9891815 1.157791 9.586914
-0.9901886 1.18187 9.628265
-1.003082 1.152481 9.667618
-0.9860992 1.159607 9.59462
-0.9798889 1.144882 9.701248
-1.001358 1.13002 9.638107
-0.9700928 1.167496 9.638657
-0.9803772 1.152023 9.641617
-1.008972 1.153488 9.603806
-0.9838409 1.176361 9.629044
-0.9990234 1.170166 9.619034
-1.022202 1.155411 9.63382
-1.062149 1.14444 9.641922
-1.036942 1.145538 9.637833
-0.9909058 1.179565 9.658722
-0.9302063 1.148636 9.677551
-1.005249 1.183624 9.631058
-1.013397 1.159393 9.634277
-0.9849091 1.161667 9.706345
-1.032471 1.169464 9.615204
-1.0056 1.15242 9.612717
-1.036575 1.142563 9.656235
-1.05748 1.111053 9.618362
-0.9447174 1.165833 9.591644
-0.9704437 1.164658 9.623383
-1.009155 1.195313 9.603607
-1.000824 1.177368 9.595779
-0.9668274 1.134964 9.645538
-0.9729767 1.189713 9.623459
-1.030167 1.173676 9.629669
-1.029068 1.130829 9.59758
-0.9810944 1.187256 9.666763
-0.9745941 1.160446 9.595856
-1.015808 1.119675 9.665527
-0.9855652 1.195511 9.643967
-1.00412 1.199844 9.62825
-0.9951935 1.180832 9.603775
-0.9716644 1.177887 9.67244
-1.012772 1.149338 9.64122
-1.043625 1.135315 9.628616
-0.9900818 1.162079 9.677475
-0.9470367 1.155487 9.653595
-1.013596 1.185989 9.608261
-1.018936 1.177094 9.592728
-0.9690247 1.185638 9.608673
-1.003021 1.181152 9.62677
-1.037888 1.174637 9.620407
-1.023575 1.161636 9.606369
-0.9944305 1.183487 9.640442
-0.9632111 1.178299 9.627869
-0.948288 1.131866 9.656433
-0.9891815 1.201797 9.574081
-1.00029 1.165176 9.621384
-0.9920349 1.17897 9.640594
-0.9828033 1.154953 9.664719
-0.9926605 1.14917 9.609192
-1.05452 1.142929 9.587708
-0.9622498 1.169601 9.677322
-0.9486084 1.187424 9.631973
-0.9692383 1.172226 9.587494
-1.008713 1.17749 9.685257
-1.005371 1.150085 9.623795
-1.005371 1.150085 9.623795
-1.030136 1.160858 9.656189
-1.015274 1.164032 9.600739
-1.035416 1.146957 9.598373
-0.9671631 1.159958 9.654846
-0.9728394 1.127686 9.613754
-0.9855194 1.150085 9.663483
-1.032379 1.202499 9.622772
-0.9876709 1.139984 9.608017
-0.9906158 1.161194 9.614288
-1.004242 1.186234 9.64476
-1.03833 1.149857 9.607895
-1.007156 1.108688 9.538864
-0.9620972 1.163025 9.720047
-0.973938 1.132538 9.600479
-1.022934 1.139435 9.559158
-1.035736 1.197632 9.643753
-0.996933 1.162689 9.625351
-0.9936676 1.174515 9.588699
-0.9960632 1.180252 9.60611
-1.011566 1.183762 9.666565
-0.9922028 1.150314 9.63826
-0.9799957 1.156937 9.62706
-0.9688568 1.151718 9.653732
-0.9986267 1.192581 9.58577
-1.006454 1.182663 9.590088
-0.9825287 1.144302 9.656555
-1.015228 1.164642 9.681046
-1.029556 1.205429 9.649414
-0.9844666 1.146683 9.642883
-0.9824829 1.176727 9.685471
-1.055252 1.207642 9.654297
-0.9763489 1.178223 9.623703
-0.9776459 1.146164 9.608109
-0.990509 1.188934 9.588928
-1.009125 1.159302 9.610275
-1.014786 1.149857 9.699432
-0.9729309 1.154404 9.604492
-1.002686 1.145874 9.612167
-1.000107 1.15921 9.640289
-1.020691 1.166061 9.669785
-0.9718475 1.161987 9.653397
-0.991745 1.185791 9.61586
-0.9914246 1.153473 9.613358
-1.036285 1.159607 9.600357
-1.027786 1.164703 9.625809
-0.9927673 1.162781 9.594101
-1.01001 1.166824 9.642044
-0.9844513 1.138229 9.632202
-0.9504852 1.183182 9.653961
-0.9924927 1.187332 9.655014
-1.057632 1.180283 9.612793
-1.001572 1.184891 9.583939
-1.020432 1.139954 9.652206
-1.067078 1.144348 9.565399
-0.9840393 1.145996 9.652634
-0.9631805 1.161804 9.592545
-1.00972 1.201385 9.621597
-0.9832611 1.164185 9.606262
-1.013611 1.159439 9.630142
-1.032883 1.193604 9.64859
-0.9985962 1.18074 9.626541
-1.014877 1.139145 9.601578
-0.9970093 1.133865 9.660675
-0.9551392 1.175522 9.628952
-0.9943237 1.191696 9.613968
-0.9985352 1.175919 9.627701
-0.9940186 1.179398 9.675949
-0.9792633 1.191696 9.591232
-1.025269 1.201981 9.650162
-1.002686 1.151596 9.621292
-1.036209 1.14624 9.632904
-1.008591 1.14296 9.64389
-0.9964142 1.146667 9.655304
-0.9356232 1.165054 9.629288
-1.001968 1.192184 9.611588
-1.020859 1.184189 9.639923
-0.9515533 1.159668 9.658173
-1.013733 1.175781 9.672516
-0.984726 1.167877 9.593552
-1.022934 1.139191 9.589478
-1.005569 1.117508 9.612656
-0.9632874 1.173325 9.697388
-0.9663849 1.150253 9.594925
-0.9833069 1.193634 9.591156
-0.9622498 1.176926 9.640686
-0.9851837 1.169571 9.619431
-0.9945221 1.177567 9.62941
-1.024628 1.16835 9.606781
-1.013382 1.142426 9.599014
-0.9838409 1.178726 9.624603
-0.9528046 1.157578 9.61348
-1.024887 1.159088 9.60643
-0.9954071 1.16571 9.637772
-0.9651947 1.18808 9.612381
-1.028595 1.205032 9.702148
-1.016647 1.117859 9.620728
-1.059372 1.113846 9.614609
-0.9882202 1.182541 9.63176
-0.9893646 1.130417 9.630157
-1.016769 1.174118 9.596741
-0.9907532 1.176056 9.659286
-0.9773254 1.171661 9.589203
-1.011032 1.182068 9.602585
-1.008362 1.15242 9.622849
-0.9954529 1.112015 9.611298
-0.9743195 1.170273 9.626785
-1.010605 1.189804 9.697281
-1.018219 1.203156 9.667603
-0.999176 1.149338 9.622147
-0.9877319 1.149994 9.611588
-0.9883423 1.140335 9.67128
-0.9948425 1.171951 9.626617
-1.047043 1.116409 9.602661
-1.010086 1.148636 9.649109
-0.9886627 1.157562 9.647354
-1.023636 1.182465 9.601013
-0.9914398 1.189987 9.609024
-0.9610901 1.149979 9.622665
-1.011703 1.182297 9.667221
-0.9972687 1.171326 9.701935
-1.023087 1.133347 9.625473
-1.008316 1.121155 9.574692
-0.9603729 1.179398 9.711395
-0.9754181 1.160721 9.577789
-1.002075 1.172791 9.592285
-0.98349 1.148804 9.650177
-0.9766998 1.178772 9.618698
-0.9955292 1.194214 9.69104
-1.026688 1.140625 9.604706
-1.011688 1.146301 9.601059
-0.9841309 1.183441 9.653397
-0.9811859 1.115143 9.679489
-0.9936981 1.190002 9.5914
-0.9897461 1.185837 9.67392
-1.002777 1.156479 9.583099
-1.000641 1.198822 9.652252
-1.00206 1.187683 9.628769
-1.010544 1.162445 9.621628
-1.011337 1.128448 9.583481
-0.9953613 1.176788 9.665558
-0.9745941 1.161392 9.639542
-1.00058 1.176575 9.634064
-0.99263 1.182404 9.622147
-0.9855194 1.175339 9.637863
-1.017303 1.171539 9.648621
-0.9803619 1.148163 9.620255
-1.04866 1.140442 9.648956
-0.9784241 1.167709 9.6194
-0.9836731 1.132935 9.635574
-0.9784088 1.172592 9.640228
-1.025284 1.183884 9.666672
-1.013855 1.156815 9.621796
-1.007217 1.149948 9.653641
-1.022125 1.184311 9.611725
-1.035217 1.14418 9.638916
-1.031448 1.103638 9.633011
-0.9519348 1.176971 9.685333
-0.9576569 1.179062 9.646332
-1.022797 1.175369 9.626175
-0.9495239 1.174911 9.612625
-0.9849854 1.156174 9.628769
-0.987915 1.167633 9.647995
-0.9862213 1.151718 9.621109
-1.010025 1.144165 9.625473
-0.9855499 1.176193 9.598328
-0.9467621 1.202682 9.650772
-0.9772034 1.199982 9.611206
-1.006134 1.201508 9.628922
-0.9947357 1.180771 9.676163
-1.008011 1.16713 9.635468
-1.021362 1.194824 9.640106
-1.03212 1.172638 9.634521
-1.007584 1.127762 9.608353
-0.9780273 1.167404 9.589905
-1.001648 1.15509 9.64119
-1.017166 1.138245 9.651566
-0.9740295 1.188614 9.598785
-0.9995575 1.157623 9.63063
-1.035263 1.191467 9.686813
-1.049271 1.172577 9.594666
-1.019882 1.148148 9.623093
-0.9973755 1.143326 9.644257
-0.9653473 1.158752 9.608307
-1.00386 1.184769 9.641312
-0.9952698 1.185516 9.590652
-0.9942169 1.152283 9.623642
-1.000656 1.149948 9.613968
-1.020203 1.148178 9.593582
-0.9734497 1.148575 9.630142
-1.036026 1.168976 9.550232
-0.9924164 1.155594 9.621109
-0.9349823 1.142136 9.662735
-1.011383 1.185455 9.662811
-0.9849396 1.168381 9.637436
-0.9898834 1.153076 9.613098
-0.9893951 1.199524 9.599548
-0.9922333 1.177795 9.643494
-1.020432 1.175949 9.628403
-1.033295 1.130188 9.596039
-0.9687042 1.184952 9.67334
-0.9735413 1.166183 9.630112
-0.9971619 1.179489 9.646866
-1.015625 1.238556 9.631454
-0.9972534 1.158859 9.662994
-0.9671783 1.189804 9.642532
-1.015076 1.150177 9.65863
-1.026413 1.160187 9.582657
-1.021713 1.168381 9.692505
-0.9533997 1.141022 9.68605
-0.9605713 1.180893 9.635132
-0.9685974 1.172165 9.617386
-1.002899 1.203247 9.610352
-0.9860687 1.178192 9.597977
-1.022644 1.178772 9.655151
-1.017929 1.163345 9.651184
-0.9901276 1.16893 9.643707
-0.9964294 1.166916 9.623734
-1.017426 1.190109 9.684769
-0.9766998 1.182755 9.630783
-1.015671 1.193848 9.575531
-0.9763336 1.117493 9.561615
-1.010025 1.175522 9.618073
-0.9922028 1.192627 9.57428
-1.034424 1.210693 9.662079
-1.039368 1.192261 9.557159
-0.9705811 1.176392 9.668518
-0.9757385 1.173843 9.630554
-1.006714 1.162079 9.607224
-0.98909 1.168182 9.644547
-1.001877 1.172684 9.608978
-0.9651642 1.131653 9.609482
-1.020874 1.161148 9.59494
-1.04512 1.1595 9.647278
-1.025009 1.144058 9.65332
-1.004593 1.198822 9.67775
-0.9120331 1.132263 9.636978
-1.016479 1.177902 9.64859
-0.9927979 1.198441 9.621246
-0.9974213 1.175262 9.618988
-1.006485 1.200531 9.600296
-0.9967041 1.205978 9.646347
-1.017166 1.165207 9.63063
-1.037399 1.119583 9.603073
-0.9887085 1.161987 9.696243
-1.009857 1.173141 9.649887
-1.005264 1.118134 9.58548
-1.016495 1.179184 9.611465
-1.020294 1.153412 9.651718
-1.004044 1.17746 9.638565
-1.004639 1.201141 9.617935
-0.991745 1.170181 9.618362
-1.05632 1.166809 9.586548
-0.9678955 1.145157 9.636963
-0.9331512 1.158325 9.639023
-1.009323 1.199844 9.612183
-1.014877 1.213562 9.639359
-1.030701 1.148605 9.63385
-0.9897003 1.157303 9.597366
-1.011887 1.181244 9.637695
-1.013672 1.17128 9.653214
-1.056961 1.165604 9.566132
-1.000504 1.154755 9.68222
-0.9906921 1.191925 9.644882
-0.9787903 1.16684 9.651459
-0.9990082 1.200638 9.584702
-1.008194 1.159744 9.637955
-0.9978485 1.180176 9.680634
-0.9936066 1.167236 9.654984
-1.042252 1.151871 9.662415
-1.041458 1.117599 9.647079
-0.9800873 1.166245 9.664352
-0.9833221 1.179474 9.594925
-1.01297 1.200775 9.684448
-1.020065 1.138687 9.569504
-0.9482422 1.164932 9.642273
-0.9817047 1.172394 9.645737
-0.9623413 1.160522 9.662704
-1.03447 1.148224 9.654282
-0.9911346 1.159241 9.590759
-0.9782867 1.179474 9.679825
-0.9802704 1.1521 9.642883
-1.028091 1.222794 9.618164
-1.018494 1.172287 9.620621
-0.9846344 1.154648 9.634125
-1.019547 1.16861 9.660995
-1.013367 1.164719 9.613251
-1.018753 1.161942 9.636108
-1.008606 1.142654 9.606445
-0.9974518 1.194626 9.646286
-0.9448242 1.158051 9.601013
-1.040009 1.151413 9.660034
-1.015839 1.146088 9.637497
-0.9981079 1.153091 9.649704
-1.016251 1.164413 9.64325
-0.9886017 1.153168 9.579239
-1.030319 1.163712 9.60788
-0.9926605 1.173477 9.663834
-0.9609528 1.168167 9.618912
-0.9967041 1.180283 9.592072
-0.9692688 1.196915 9.608261
-1.023163 1.171982 9.660431
-0.9797363 1.160904 9.655823
-0.9790802 1.132675 9.604446
-0.9894104 1.146576 9.612152
-0.9846649 1.103149 9.622299
-0.9756775 1.166702 9.617935
-0.9771423 1.193054 9.657257
-1.02388 1.177155 9.616104
-1.017166 1.194199 9.597015
-0.984787 1.15036 9.636597
-1.017044 1.197937 9.652939
-1.012939 1.134155 9.633301
-0.9948578 1.139816 9.644516
-1.005051 1.10173 9.661514
-0.9693604 1.175827 9.643784
-0.9330139 1.167053 9.684708
-0.9745026 1.201797 9.62616
-1.026321 1.219757 9.619614
-0.9736938 1.138931 9.625381
-0.9872894 1.178604 9.65889
-1.011261 1.192032 9.611557
-1.041656 1.168182 9.618713
-1.041641 1.131088 9.588989
-0.9583893 1.175049 9.643082
-0.9743195 1.168381 9.646103
-1.035446 1.186539 9.59552
-1.014053 1.184296 9.597763
-0.9820862 1.155884 9.648117
-1.032593 1.171417 9.691772
-1.008759 1.149155 9.563416
-0.9996033 1.176865 9.602295
-1.009979 1.177734 9.588028
-0.9298859 1.195313 9.616058
-1.003906 1.183334 9.632111
-0.9817963 1.147568 9.618454
-1.019455 1.191696 9.64389
-1.009186 1.146301 9.597305
-0.9971619 1.147125 9.642807
-1.031555 1.14267 9.605118
-0.9674072 1.192307 9.643539
-0.9693604 1.139755 9.61795
-1.020416 1.199234 9.592545
-0.9835815 1.16626 9.60498
-0.9967499 1.19339 9.619614
-1.026657 1.174759 9.558426
-1.003265 1.157227 9.634262
-1.019958 1.159668 9.669876
-1.024307 1.117416 9.577423
-0.9768066 1.197998 9.671661
-0.9828033 1.170975 9.653397
-0.9855194 1.198608 9.643005
-1.038025 1.172379 9.64183
-0.9797974 1.178925 9.621033
-1.021942 1.166794 9.650482
-1.005905 1.142197 9.616913
-1.04071 1.135574 9.644394
-1.000107 1.150223 9.638412
-0.965683 1.163437 9.610611
-0.9794769 1.1521 9.639542
-1.03418 1.157974 9.658859
-0.9916992 1.196228 9.678024
-0.9922028 1.207825 9.581589
-1.010712 1.17363 9.643509
-1.019485 1.159607 9.653641
-0.9912567 1.154358 9.637512
-0.9936981 1.173798 9.64035
-0.9692993 1.193497 9.606827
-1.00708 1.188339 9.63031
-0.9870758 1.170547 9.608307
-1.000961 1.174805 9.612793
-1.017807 1.188522 9.583511
-1.009766 1.141006 9.624161
-1.002838 1.158737 9.630386
-1.055176 1.14801 9.608597
-0.9941864 1.164185 9.631134
-0.9616241 1.182129 9.610001
-1.01825 1.180344 9.628571
-1.011917 1.183868 9.636749
-1.004395 1.173233 9.614944
-0.9923401 1.158829 9.62941
-1.016296 1.161621 9.611984
-1.034378 1.181793 9.606796
-0.9831848 1.136505 9.627869
-0.9344788 1.197845 9.638275
-1.010193 1.173752 9.602295
-1.037354 1.166306 9.561646
-1.045532 1.21109 9.649628
-1.003601 1.149948 9.572708
-0.9611816 1.183594 9.599716
-1.016785 1.155975 9.636658
-1.056091 1.124969 9.630356
-0.9738617 1.1763 9.664871
-0.9500275 1.190674 9.621109
-1.009689 1.182785 9.622192
-0.9957428 1.176727 9.665009
-0.972168 1.198486 9.620987
-1.009521 1.206192 9.623611
-1.010712 1.158173 9.671021
-1.010376 1.143234 9.644608
-1.041992 1.139465 9.618729
-0.9458618 1.203888 9.62619
-1.01268 1.168106 9.628525
-0.9821014 1.196182 9.627243
-1.000061 1.227219 9.593338
-0.971405 1.171356 9.597427
-0.9979706 1.176147 9.650482
-1.002289 1.196045 9.62442
-0.9760895 1.16626 9.60434
-1.023407 1.119476 9.593933
-0.9833374 1.179214 9.67981
-0.964035 1.1521 9.65979
-1.021225 1.180099 9.601669
-0.9600677 1.205093 9.610687
-0.9798737 1.155426 9.61261
-1.026169 1.248245 9.6073
-1.017349 1.15921 9.652451
-1.038681 1.13385 9.633804
-1.014526 1.138016 9.586319
-0.9748077 1.192566 9.63443
-0.9671783 1.133392 9.691742
-1.01973 1.174881 9.648575
-1.007126 1.179703 9.578629
-0.9931183 1.186584 9.661835
-1.002563 1.166641 9.625244
-1.012238 1.156296 9.624146
-1.074875 1.13562 9.588577
-0.9409943 1.187195 9.700272
-0.9961853 1.128281 9.662354
-0.9860535 1.190765 9.625534
-0.9968567 1.173279 9.629837
-0.9975586 1.147522 9.587738
-0.9993134 1.193741 9.675064
-0.9915466 1.158234 9.62944
-1.033615 1.147705 9.585587
-1.020844 1.120422 9.593094
-0.9676514 1.177261 9.679825
-0.9569855 1.152298 9.662842
-1.023911 1.16568 9.599777
-1.013214 1.177094 9.598099
-0.9808807 1.186264 9.671631
-1.003159 1.191116 9.590698
-1.018478 1.149872 9.631577
-1.075897 1.164597 9.577286
-0.986145 1.142593 9.667114
-0.9855194 1.143372 9.630432
-0.9902802 1.192444 9.651794
-1.018921 1.160904 9.628891
-0.9909821 1.170135 9.613098
-0.9887085 1.220123 9.630508
-1.010284 1.148407 9.704926
-1.018219 1.160828 9.594757
-1.044479 1.146698 9.61319
-0.9779663 1.149124 9.653839
-0.9905853 1.121536 9.621613
-1.008316 1.183136 9.611786
-1.017181 1.204819 9.635605
-0.9736328 1.163788 9.642365
-1.012253 1.215668 9.618973
-0.987854 1.190842 9.658066
-1.045517 1.158493 9.556992
-1.019196 1.127914 9.581299
-0.9619446 1.184082 9.624451
-0.9638519 1.150284 9.627014
-1.040573 1.187592 9.635071
-0.9718475 1.187317 9.594818
-1.001129 1.18541 9.663712
-1.015976 1.176407 9.602066
-1.022049 1.149384 9.681396
-1.020905 1.152542 9.680984
-0.9663696 1.137787 9.671722
-0.9676666 1.130859 9.631882
-0.9719391 1.177902 9.62587
-1.01825 1.201294 9.593369
-0.9725037 1.153381 9.589447
-1.013748 1.179855 9.622055
-1.013336 1.181534 9.635391
-1.023376 1.166122 9.655533
-1.031876 1.130081 9.604828
-0.9964142 1.191101 9.60762
-0.9904175 1.166458 9.665771
-0.9900055 1.18541 9.611816
-1.012405 1.185043 9.566986
-0.9931641 1.167648 9.670349
-1.007935 1.186844 9.645584
-0.9862213 1.144653 9.60144
-1.041214 1.146835 9.621353
-1.02803 1.147995 9.611465
-0.951889 1.190811 9.600571
-0.9743195 1.147614 9.701965
-0.9897003 1.186356 9.618912
-1.003372 1.181488 9.623413
-1.013412 1.163742 9.634293
-1.018356 1.179153 9.640747
-1.026077 1.159241 9.638931
-1.029083 1.157837 9.632019
-0.9396057 1.180817 9.603287
-0.9846344 1.102249 9.667404
-0.9856873 1.195099 9.603729
-0.9902039 1.168762 9.670135
-0.9816132 1.156601 9.65181
-0.9695587 1.163559 9.666382
-1.035294 1.186539 9.683044
-1.027298 1.147659 9.609467
-1.056412 1.152496 9.627106
-0.9727631 1.184372 9.674973
-0.9713898 1.165283 9.658432
-1.005798 1.195175 9.603134
-0.9806213 1.192398 9.594894
-0.9830627 1.158035 9.671005
-1.003296 1.17955 9.587784
-0.9973907 1.192886 9.668869
-1.049622 1.147217 9.569901
-1.009323 1.146164 9.604263
-0.9745941 1.133057 9.633194
-0.9563293 1.180405 9.689102
-1.017731 1.171646 9.609329
-1.000504 1.193085 9.62294
-0.9836426 1.188538 9.666229
-1.025162 1.159744 9.663116
-1.010925 1.168518 9.608047
-1.058105 1.140594 9.598495
-0.9862213 1.189346 9.622803
-0.9721069 1.165771 9.641373
-0.9815521 1.195328 9.598999
-0.9976349 1.206741 9.622086
-1.00087 1.19986 9.655182
-1.019028 1.193054 9.623611
-0.9957428 1.151718 9.62825
-1.050171 1.155548 9.547409
-1.050201 1.121948 9.587326
-0.9734344 1.172241 9.658218
-0.9999542 1.168701 9.622482
-1.015945 1.175903 9.609924
-1.015747 1.196976 9.622833
-1.015244 1.158615 9.6707
-0.9964142 1.17186 9.67009
-1.011032 1.165817 9.6091
-1.011703 1.127197 9.598267
-0.9787292 1.146729 9.625488
-0.965683 1.185913 9.645538
-0.9924164 1.179214 9.633469
-1.029068 1.166 9.559219
-0.9994049 1.173828 9.596848
-0.9407959 1.173904 9.636627
-0.9933472 1.181198 9.659622
-1.001221 1.145859 9.617722
-1.03595 1.127594 9.632629
-1.007584 1.176239 9.693375
-0.980957 1.169037 9.631073
-0.9971466 1.202942 9.631058
-0.9714813 1.164261 9.62294
-0.977417 1.188843 9.621597
-0.9982758 1.201111 9.626053
-0.9957428 1.18605 9.640106
-1.018723 1.133698 9.601135
-1.003479 1.097046 9.583466
-0.9682465 1.142578 9.608154
-0.9638977 1.149063 9.639771
-0.9908905 1.158585 9.646301
-1.000336 1.215271 9.613708
-1.007294 1.172745 9.62706
-0.9803619 1.180588 9.648407
-0.9745941 1.170929 9.6465
-0.9966888 1.14447 9.611694
-1.03241 1.125763 9.578751
-0.9736328 1.161514 9.652496
-0.9803772 1.173538 9.581802
-0.9786835 1.156097 9.62146
-0.9877777 1.181519 9.666779
-1.007416 1.225067 9.665665
-0.982254 1.157883 9.63266
-1.030869 1.19548 9.645798
-1.042511 1.114639 9.605377
-1.037292 1.121063 9.607193
-0.9626923 1.155029 9.633514
-0.9576569 1.159607 9.60759
-0.9916534 1.17836 9.620758
-1.020966 1.165375 9.621918
-1.006729 1.185867 9.633423
-1.03389 1.182602 9.670914
-1.042038 1.139023 9.622177
-1.045746 1.164703 9.62442
-0.9983673 1.137192 9.58136
-0.9663086 1.166336 9.652756
-0.9662476 1.166916 9.657639
-1.026962 1.192978 9.624817
-1.012421 1.197311 9.561554
-0.99646 1.162643 9.64183
-1.039337 1.191528 9.586151
-0.9969025 1.143494 9.588364
-1.04837 1.132416 9.609756
-0.9904938 1.163376 9.630844
-0.9531708 1.167053 9.660873
-0.9814911 1.182617 9.650421
-1.017731 1.173721 9.616119
-0.9786835 1.185425 9.641739
-1.013702 1.197144 9.628464
-1.029068 1.149338 9.656815
-0.9864349 1.159821 9.595718
-1.044754 1.132538 9.589325
-0.9857941 1.144165 9.688568
-0.9985352 1.167053 9.661423
-0.99646 1.183884 9.649109
-1.006866 1.202377 9.654648
-1.005417 1.160095 9.635437
-0.9855652 1.169128 9.6194
-1.028198 1.148682 9.621674
-1.053696 1.170013 9.630112
-0.9780121 1.127014 9.628708
-0.9508667 1.169037 9.669785
-1.000504 1.17749 9.652985
-1.014374 1.210709 9.644577
-1.005554 1.166489 9.609177
-0.9875336 1.174438 9.664017
-0.9808197 1.144302 9.66008
-1.042969 1.166 9.613586
-1.021927 1.127899 9.61795
-0.9579773 1.164322 9.638351
-0.9779053 1.148926 9.670227
-0.997757 1.180435 9.641617
-1.006851 1.173141 9.618774
-0.9884033 1.160812 9.647293
-1.004791 1.204086 9.631485
-1.011017 1.162689 9.578659
-1.018463 1.159668 9.600128
-1.052872 1.139816 9.56398
-0.9640503 1.130188 9.602844
-0.9807892 1.155106 9.609894
-1.008484 1.185318 9.577133
-0.9923096 1.19899 9.616379
-1.001846 1.171127 9.641785
-1.026688 1.149338 9.669113
-0.9921875 1.164581 9.62355
-1.035065 1.165588 9.631042
-1.01387 1.129059 9.591507
-0.9668579 1.17485 9.687073
-0.9918976 1.167709 9.656113
-1.012848 1.191559 9.559372
-1.036987 1.168961 9.633942
-1.037949 1.201355 9.648926
-1.025467 1.185043 9.711395
-1.013535 1.188492 9.627762
-1.042175 1.151489 9.599594
-1.034241 1.168457 9.620041
-0.9681091 1.164154 9.642609
-0.9957428 1.173721 9.635361
-0.9759827 1.161789 9.642456
-0.9908295 1.187653 9.654755
-1.035995 1.156479 9.635834
-1.026352 1.135681 9.619308
-0.9824219 1.148285 9.667007
-0.9740601 1.183044 9.65062
-1.034882 1.188263 9.620529
-1.011185 1.178284 9.635071
-0.9794464 1.158493 9.636261
-1.041687 1.199677 9.625168
-0.9688873 1.184952 9.617065
-0.9990845 1.16362 9.607315
-1.01651 1.135834 9.647232
-0.9705048 1.168991 9.635284
-0.9641113 1.177979 9.660767
-1.024307 1.195526 9.608856
-1.002853 1.171097 9.602493
-1.011169 1.176346 9.534546
-0.9941254 1.209702 9.630508
-1.024307 1.201706 9.647293
-1.00589 1.160355 9.615616
-1.009079 1.145859 9.599533
-0.9629059 1.131744 9.667572
-0.9785309 1.162354 9.623718
-1.000687 1.182663 9.631699
-0.9892731 1.160324 9.619858
-0.9842529 1.203827 9.609619
-1.008957 1.201126 9.608887
-1.037857 1.16124 9.64093
-1.037018 1.146194 9.634552
-0.9717865 1.184341 9.689972
-0.9636536 1.13681 9.656021
-0.9804077 1.189957 9.64296
-1.019226 1.210602 9.614777
-0.9678802 1.190338 9.634781
-1.009705 1.170303 9.641159
-0.984375 1.178421 9.69455
-1.060593 1.195068 9.597366
-1.020981 1.153137 9.6008
-0.9758911 1.180939 9.655258
-0.9811554 1.157059 9.60582
-1.011627 1.176041 9.571136
-1.032318 1.196655 9.666794
-0.992157 1.172974 9.625656
-1.029297 1.166992 9.642181
-0.9893646 1.179825 9.614899
-1.060181 1.179901 9.662659
-0.9944763 1.142426 9.594757
-0.983551 1.168015 9.686295
-0.9716644 1.157715 9.649872
-1.013611 1.197189 9.589996
-0.9995117 1.200546 9.628433
-0.9930573 1.154785 9.584549
-1.002029 1.164093 9.685379
-1.009094 1.177567 9.623611
-1.026901 1.146179 9.634171
-1.031937 1.135956 9.595978
-0.9428558 1.171524 9.649414
-0.9985504 1.19165 9.651657
-1.01236 1.218521 9.625778
-1.015549 1.160217 9.580383
-0.9824982 1.166718 9.668945
-1.010025 1.18718 9.616394
-1.011337 1.161728 9.651505
-1.000397 1.151367 9.635086
-1.000519 1.149338 9.592545
-0.9609222 1.179474 9.675644
-0.9785156 1.198502 9.640976
-1.011658 1.205093 9.619186
-1.012085 1.200546 9.602371
-1.007904 1.168671 9.65329
-1.004074 1.179382 9.688751
-0.9944305 1.179214 9.619919
-1.074203 1.150497 9.606796
-0.9902649 1.175476 9.635391
-0.9738922 1.155441 9.639191
-0.9719849 1.215469 9.613937
-1.01442 1.198578 9.613129
-0.999527 1.151398 9.617783
-0.9668274 1.177811 9.620102
-1.00351 1.187866 9.638855
-1.017929 1.180328 9.590118
-1.044067 1.155762 9.604767
-0.9626617 1.172577 9.65303
-0.9845581 1.160416 9.642593
-1.009827 1.176331 9.635605
-0.9781036 1.189133 9.617752
-0.9754181 1.20784 9.658356
-1.019485 1.197006 9.591919
-0.9969482 1.166656 9.596649
-1.02179 1.16832 9.640015
-1.01384 1.111343 9.559418
-1.003799 1.141541 9.699081
-0.9298401 1.141159 9.648209
-0.9936981 1.188324 9.620285
-0.9886475 1.159927 9.614517
-0.9885254 1.202972 9.59021
-1.024078 1.177917 9.626312
-0.9979553 1.146957 9.614807
-0.9986725 1.158875 9.635864
-1.023926 1.110855 9.593369
-0.9738007 1.181152 9.611115
-0.9754639 1.136719 9.590057
-1.010956 1.191696 9.590652
-0.983963 1.175598 9.597702
-1.027847 1.182587 9.628464
-1.007935 1.170761 9.599121
-1.012497 1.148865 9.633575
-1.044739 1.120895 9.614273
-1.041565 1.139679 9.622971
-0.9720459 1.15834 9.653412
-0.9945831 1.199326 9.68158
-1.0177 1.173264 9.596909
-1.009354 1.180862 9.643417
-1.009399 1.159607 9.601074
-1.044724 1.180847 9.664886
-1.002396 1.167618 9.684418
-1.02887 1.102341 9.651352
-0.9697876 1.173386 9.560455
-1.003723 1.184769 9.637955
-1.01033 1.187973 9.632339
-0.9880219 1.184006 9.616852
-1.006287 1.198685 9.649353
-1.024872 1.178207 9.655731
-1.020035 1.150833 9.694199
-1.00415 1.158997 9.63797
-1.044891 1.126602 9.612946
-0.9882813 1.16684 9.66684
-0.9743195 1.126389 9.621078
-0.9871979 1.155106 9.625092
-1.028671 1.175613 9.592056
-1.014359 1.193405 9.603043
-1.034897 1.170242 9.692261
-1.017944 1.162384 9.635712
-1.040573 1.143387 9.60881
-1.019531 1.157043 9.66806
-0.9472351 1.143616 9.663681
-0.987915 1.167892 9.65596
-1.003769 1.186783 9.621109
-1.008057 1.179565 9.632492
-1.00824 1.151718 9.612183
-1.00824 1.151718 9.612183
-1.046112 1.132889 9.641556
-1.046112 1.132889 9.641556
-1.016388 1.158585 9.645798
-0.9714203 1.14061 9.616837
-1.012955 1.17572 9.616348
-0.9859772 1.174728 9.633698
-0.9859772 1.174728 9.633698
-0.9987488 1.147537 9.617584
-1.018311 1.169159 9.665451
-1.030579 1.183319 9.678467
-1.027847 1.133942 9.603302
-1.011337 1.143188 9.625748
-0.9564819 1.137024 9.671097
-0.9975128 1.199707 9.652939
-1.021957 1.201706 9.646622
-1.000519 1.187424 9.585419
-0.9948425 1.182953 9.609756
-1.028641 1.158905 9.651917
-0.9749451 1.157181 9.646866
-1.051926 1.128937 9.612228
-0.9711914 1.155792 9.650879
-0.9719696 1.16246 9.640259
-0.9723053 1.178375 9.640274
-0.971283 1.169037 9.60817
-0.9660492 1.164932 9.630402
-0.99263 1.190201 9.639755
-1.004471 1.142105 9.636627
-1.033142 1.121155 9.631531
-1.032898 1.14769 9.634171
-0.9940491 1.176743 9.657303
-0.9711151 1.177383 9.662796
-0.9626923 1.166122 9.648926
-1.01889 1.197159 9.646561
-0.9726257 1.184326 9.622665
-0.9958191 1.168442 9.636963
-1.01236 1.128555 9.61879
-1.04892 1.141388 9.626678
-0.9856567 1.147934 9.624176
-0.9730682 1.172836 9.67601
-1.018753 1.199326 9.670883
-0.9890442 1.162003 9.609863
-0.9958496 1.185699 9.624069
-0.9891357 1.210159 9.620056
-0.996521 1.176193 9.690292
-1.021225 1.176468 9.571365
-1.066101 1.112656 9.55838
-0.9723663 1.190536 9.647705
-0.9449615 1.161758 9.65947
-0.9773407 1.220078 9.630707
-1.01239 1.161987 9.556122
-0.9957428 1.181854 9.594925
-1.025131 1.194061 9.607193
-1.022842 1.190201 9.637451
-1.020386 1.149597 9.617432
-1.034927 1.134216 9.576752
-0.987854 1.177902 9.679672
-0.9595032 1.116272 9.576157
-0.9707184 1.220413 9.64093
-0.9884186 1.176483 9.666656
-0.9406281 1.159607 9.645584
-1.075287 1.170242 9.572128
-0.9973145 1.168991 9.637482
-1.036255 1.149658 9.585144
-1.010468 1.154266 9.623581
-0.9738922 1.165848 9.660843
-0.9767151 1.138657 9.623856
-1.00473 1.174423 9.635666
-1.01062 1.171829 9.613678
-0.9713287 1.136841 9.66188
-0.9915161 1.166992 9.620209
-1.009277 1.175705 9.664444
-1.023407 1.120056 9.604462
-0.9832458 1.133926 9.631012
-0.9671326 1.142212 9.630905
-0.9885101 1.164429 9.60994
-1.014267 1.204346 9.633286
-1.017685 1.152222 9.633911
-0.9766998 1.188202 9.62471
-1.002426 1.17366 9.671188
-1.004196 1.164368 9.601578
-1.050293 1.131348 9.608093
-1.020126 1.149536 9.630142
-0.9593964 1.156097 9.570526
-0.9854431 1.173355 9.645584
-0.983551 1.194061 9.642822
-0.996582 1.14975 9.681458
-1.006775 1.179138 9.641403
-1.000397 1.183685 9.581268
-0.9958038 1.17804 9.611862
-1.014816 1.150513 9.672394
-1.046616 1.140564 9.614761
-0.9812317 1.151947 9.643326
-0.9540558 1.162903 9.659912
-0.9801483 1.189758 9.597168
-1.029251 1.171753 9.613174
-0.9880981 1.17601 9.621338
-0.9848328 1.192169 9.651154
-1.038879 1.134293 9.643112
-1.042099 1.139465 9.639038
-1.01001 1.145477 9.632614
-0.9954681 1.198608 9.623199
-0.986618 1.203064 9.625137
-1.032471 1.2341 9.65303
-1.005264 1.19136 9.602859
-0.991745 1.186172 9.658157
-0.989563 1.143524 9.653244
-1.004166 1.157257 9.632629
-1.038422 1.110184 9.612122
-0.962738 1.16571 9.657349
-0.9974976 1.190826 9.603424
-0.9602356 1.215546 9.593887
-1.001083 1.191925 9.622131
-0.9573212 1.163956 9.639343
-1.020004 1.162598 9.634201
-0.9923096 1.138229 9.590973
-1.022049 1.164886 9.670776
-1.026703 1.118195 9.618851
-0.9608612 1.149414 9.614273
-0.9518127 1.163437 9.576462
-1.002335 1.183563 9.617065
-1.024139 1.171082 9.642212
-1.010788 1.151093 9.645844
-1.011215 1.189407 9.647827
-0.9791412 1.162857 9.647537
-1.005264 1.1436 9.597107
-1.004364 1.14949 9.620346
-0.966217 1.188126 9.626587
-0.9653473 1.180679 9.633011
-0.9909058 1.204346 9.654007
-1.021576 1.187836 9.632126
-0.9768524 1.161499 9.616882
-0.9810791 1.154556 9.623108
-0.9942627 1.161789 9.640823
-1.053757 1.154892 9.629578
-1.006561 1.151443 9.608383
-0.9790955 1.165985 9.659988
-0.9867554 1.155838 9.635056
-1.018387 1.160477 9.62088
-0.9960785 1.168625 9.613831
-0.9589081 1.171585 9.61734
-1.0065 1.160324 9.634338
-1.005051 1.148788 9.592545
-1.004044 1.149689 9.574478
-0.9762878 1.142502 9.601654
-0.9297485 1.201904 9.658737
-0.9609528 1.188095 9.600723
-1.020264 1.175934 9.637375
-1.018646 1.197678 9.605606
-0.9864349 1.171219 9.580795
-1.002884 1.181808 9.700089
-1.019119 1.125107 9.645233
-1.026031 1.137848 9.613617
-0.9849548 1.166824 9.646255
-0.9918518 1.176712 9.642014
-1.015747 1.171036 9.61702
-1.007324 1.159927 9.638626
-1.006348 1.178665 9.587814
-0.9807587 1.191116 9.665817
-0.9815674 1.158661 9.641113
-1.042023 1.160721 9.67186
-1.007904 1.133743 9.581406
-0.9722137 1.188583 9.689682
-0.9841156 1.140961 9.677368
-1.009964 1.191208 9.64888
-1.006348 1.183792 9.643677
-0.9992371 1.166473 9.596649
-0.9759827 1.184158 9.592789
-0.9784698 1.155594 9.595459
-1.048904 1.151703 9.657623
-1.051956 1.152893 9.640427
-1.004807 1.178391 9.670227
-0.9503174 1.142044 9.609802
-0.977829 1.169189 9.581268
-1.00058 1.168335 9.606873
-1.001572 1.192398 9.635132
-1.015808 1.177902 9.636795
-1.019562 1.163193 9.61203
-1.00412 1.124527 9.654892
-1.020966 1.149384 9.597214
-0.9714203 1.205658 9.635132
-0.9595795 1.168671 9.646545
-0.9792786 1.184891 9.63031
-0.9912567 1.175766 9.604355
-1.014648 1.195618 9.620438
-1.037796 1.165131 9.664917
-1.026688 1.148376 9.62587
-1.047455 1.136765 9.682602
-1.022141 1.137665 9.595139
-0.9738617 1.190765 9.636154
-0.9719391 1.144806 9.632141
-1.000854 1.171097 9.654724
-1.00386 1.166611 9.604019
-0.9973907 1.154404 9.623322
-1.005325 1.172745 9.65097
-0.9908447 1.186478 9.573441
-1.024963 1.131378 9.609207
-1.014587 1.146088 9.608383
-0.9844971 1.176422 9.617752
-0.9689941 1.186356 9.651749
-1.034561 1.182098 9.635971
-1.013367 1.161133 9.637024
-1.026672 1.146744 9.646744
-0.999176 1.161621 9.690521
-1.013077 1.1698 9.582367
-1.019943 1.169586 9.669632
-0.9989319 1.159027 9.635666
-0.9405823 1.14653 9.633011
-0.9876556 1.171234 9.638733
-1.022949 1.179199 9.594223
-1.016556 1.170547 9.617447
-0.9670868 1.143661 9.641449
-0.9923096 1.165726 9.683746
-1.026199 1.184158 9.629227
-1.010269 1.185486 9.631882
-0.970047 1.168564 9.636353
-1.010025 1.185043 9.661575
-0.9807892 1.191971 9.642822
-0.9904785 1.129562 9.609573
-1.020432 1.187302 9.620667
-1.002182 1.141129 9.568954
-1.005493 1.172424 9.581009
-1.014389 1.16507 9.632629
-1.000778 1.146164 9.617676
-0.9985962 1.166229 9.62944
-0.9916687 1.182648 9.612274
-1.011002 1.206665 9.644409
-1.011597 1.193558 9.628784
-1.021027 1.137833 9.630142
-0.998764 1.171371 9.569122
-1.021851 1.171814 9.62059
-1.01033 1.208908 9.58992
-1.003815 1.192017 9.640091
-1.013611 1.22435 9.598465
-1.00116 1.187943 9.62999
-0.983902 1.198761 9.615753
-1.025452 1.163712 9.615494
-0.99646 1.177765 9.602951
-0.9991608 1.174774 9.655029
-1.022247 1.194046 9.655502
-1.024292 1.175629 9.608643
-0.9924164 1.20694 9.629684
-1.003723 1.159821 9.639206
-0.9947968 1.238754 9.649094
-0.9681549 1.217667 9.658936
-0.9835358 1.201447 9.606964
-0.9675903 1.172729 9.642151
-0.9855194 1.190918 9.684616
-1.008392 1.162781 9.587814
-1.038498 1.139145 9.595215
-1.012207 1.17334 9.619171
-0.9987488 1.179214 9.563812
-1.011414 1.162643 9.652374
-0.9662933 1.171539 9.623474
-0.993988 1.158142 9.60762
-0.9656525 1.180878 9.617386
-0.9767914 1.13858 9.640244
-0.9913025 1.09343 9.572876
-0.9864044 1.147537 9.630142
-1.028793 1.177673 9.652252
-0.964798 1.126465 9.680374
-0.9792938 1.174973 9.66893
-0.9979095 1.17804 9.641434
-0.9699249 1.16626 9.663086
-0.9905701 1.119308 9.622192
-0.9899445 1.135437 9.609116
-0.9811096 1.157089 9.638046
-1.003418 1.147018 9.650146
-0.981842 1.162949 9.609497
-0.967865 1.149338 9.643906
-0.9954834 1.13002 9.62442
-0.9341431 1.132782 9.535797
-0.9857635 1.169846 9.556686
-0.9880829 1.132751 9.642532
-0.9883575 1.109955 9.624329
-0.9611053 1.162292 9.654358
-0.977478 1.213608 9.677719
-0.9616547 1.131516 9.615158
-1.019287 1.16687 9.644119
-1.007187 1.18396 9.617081
-1.033737 1.139343 9.655396
-1.000809 1.11998 9.605469
-0.9923096 1.153244 9.615677
-1.023178 1.148376 9.661392
-1.020996 1.162674 9.62529
-1.012177 1.15654 9.661514
-1.021194 1.13652 9.64212
-0.9790955 1.17688 9.626892
-1.016388 1.160965 9.650482
-0.9959717 1.16333 9.617905
-1.012344 1.14296 9.604584
-0.9911499 1.177017 9.639709
-1.001709 1.168457 9.637955
-0.9994049 1.163452 9.598099
-0.9785614 1.140442 9.652634
-1.008682 1.15921 9.644257
-0.9976196 1.153671 9.680252
-1.028427 1.144196 9.576157
-1.000809 1.126968 9.621262
-0.9480591 1.154114 9.626099
-0.9531555 1.128601 9.605606
-0.9665375 1.156479 9.605957
-1.017975 1.154648 9.609406
-0.9610443 1.146973 9.639191
-0.9790802 1.143616 9.610886
-1.01358 1.172028 9.650925
-1.019577 1.161026 9.644424
-0.983902 1.172745 9.642532
-0.9726105 1.177612 9.591339
-0.9851685 1.146027 9.640961
-0.9864655 1.156708 9.547409
-0.9740143 1.166138 9.628571
-1.014984 1.172638 9.605209
-0.9984283 1.177307 9.683121
-0.9855652 1.181335 9.563705
-1.003998 1.188049 9.62825
-0.9947357 1.186935 9.636673
-1.024307 1.149689 9.646896
-1.016907 1.173889 9.657257
-1.016922 1.178146 9.642685
-1.001373 1.149063 9.656174
-0.9677887 1.155502 9.64946
-0.9958649 1.165405 9.658691
-1.009811 1.150558 9.621796
-0.9677429 1.178894 9.615891
-0.9978943 1.141098 9.615601
-0.9802856 1.120941 9.593933
-0.9998932 1.159546 9.677734
-1.013611 1.19368 9.635773
-1.005264 1.175919 9.583084
-0.9556732 1.145752 9.644119
-0.9825287 1.154099 9.627075
-1.012131 1.168427 9.620605
-0.9846191 1.139465 9.621246
-0.9922638 1.156433 9.626541
-0.9769135 1.161819 9.602982
-0.9642944 1.183197 9.664993
-0.9874115 1.152206 9.589233
-1.015244 1.15773 9.618683
-0.9962463 1.146957 9.666763
-0.994278 1.162323 9.634247
-1.008057 1.135666 9.663147
-0.9931488 1.156418 9.559616
-0.9840088 1.156631 9.654694
-1.021378 1.172195 9.645477
-0.9796143 1.157532 9.596252
-0.9971008 1.145203 9.65976
-1.027512 1.160492 9.60527
-1.028748 1.160507 9.61763
-1.008316 1.163147 9.645416
-0.9771881 1.146851 9.642349
-1.013763 1.160873 9.645004
-1.0177 1.166656 9.660263
-0.9786835 1.165329 9.658798
-0.9808807 1.184372 9.676041
-0.9794922 1.155746 9.654251
-0.9813385 1.118393 9.641998
-0.9675598 1.142807 9.610611
-1.007996 1.164932 9.585083
-1.008972 1.138748 9.642014
-0.9897156 1.143997 9.609161
-1.016037 1.1819 9.635773
-1.037689 1.190979 9.645996
-1.01265 1.216522 9.672699
-1.040451 1.175385 9.640823
-1.008575 1.149979 9.678375
-0.9717712 1.148453 9.597672
-0.9772644 1.178406 9.613815
-0.9785614 1.179474 9.595993
-0.990509 1.152939 9.609619
-0.9721985 1.14473 9.609283
-1.036316 1.192001 9.660889
-1.01181 1.179367 9.622604
-0.9776306 1.14743 9.662506
-0.9988403 1.129303 9.617569
-1.010605 1.167877 9.648209
-0.9977417 1.18187 9.642166
-0.9945984 1.165466 9.631439
-0.9585114 1.143997 9.638184
-1.010025 1.163467 9.616562
-0.9871368 1.175125 9.636017
-0.9741821 1.146469 9.626266
-0.9916687 1.177216 9.601273
-0.9597626 1.163422 9.620438
-0.9814606 1.163147 9.586441
-1.023453 1.165588 9.660934
-1.014542 1.169724 9.640625
-1.012939 1.158417 9.6577
-0.9826965 1.163666 9.642624
-0.9788971 1.182465 9.60408
-1.004379 1.186478 9.649658
-1.002243 1.147919 9.604446
-0.9934692 1.166061 9.583954
-0.9662018 1.142654 9.604828
-0.9846039 1.157227 9.640915
-0.9767914 1.15416 9.662735
-0.9771729 1.162521 9.595016
-0.984787 1.187958 9.6521
-1.022827 1.172699 9.635681
-1.004898 1.118973 9.606171
-0.9641724 1.129211 9.64209
-1.025909 1.171936 9.584213
-0.9921417 1.155319 9.651566
-0.9813232 1.177658 9.607681
-1.023544 1.183685 9.687897
-1.000504 1.151443 9.610809
-0.9956207 1.200104 9.645447
-1.005249 1.185287 9.615814
-0.9506683 1.135941 9.649002
-0.980896 1.167709 9.615601
-1.004349 1.170349 9.654175
-0.9850311 1.133469 9.61795
-1.005447 1.134781 9.613968
-0.9768829 1.149597 9.56517
-1.029068 1.186935 9.632156
-1.016205 1.153244 9.642807
-1.003296 1.150482 9.649628
-0.9847565 1.17804 9.640594
-1.005051 1.168961 9.63768
-0.9663849 1.196671 9.661316
-0.9918823 1.159393 9.592789
-0.9862213 1.141815 9.626068
-1.006149 1.163132 9.648178
-1.026672 1.172043 9.61882
-0.9711304 1.190842 9.668427
-1.000732 1.168839 9.607742
-0.9918671 1.152817 9.615921
-0.9444733 1.170395 9.624924
-0.958725 1.133987 9.635666
-0.9806213 1.133789 9.638
-1.010712 1.190475 9.653259
-1.028931 1.13118 9.644028
-0.9749146 1.155212 9.596115
-0.9865723 1.169052 9.603088
-0.9893494 1.146133 9.640839
-1.010025 1.183975 9.598236
-0.9778137 1.163773 9.605087
-1.005157 1.16539 9.59668
-0.9846344 1.134262 9.613968
-0.9590302 1.151581 9.649323
-0.9897003 1.170761 9.596222
-1.00325 1.163467 9.684509
-0.9908142 1.164627 9.623367
-0.9987335 1.167709 9.588135
-1.03241 1.156128 9.61499
-0.9990234 1.15007 9.601913
-0.9835358 1.175354 9.625336
-0.9819183 1.16713 9.654144
-0.9645386 1.178894 9.602188
-0.9678955 1.161057 9.656998
-1.004593 1.201111 9.63652
-0.983017 1.141312 9.649704
-0.9961548 1.121582 9.628632
-0.9423676 1.160858 9.625748
-1.059296 1.125595 9.676025
-0.9863739 1.170853 9.631058
-1.036041 1.23996 9.668716
-1.004318 1.186447 9.651581
-0.9743195 1.125336 9.640259
-0.9566956 1.159943 9.609863
-1.025009 1.151733 9.659271
-1.009415 1.181335 9.615829
-1.001984 1.154114 9.655502
-0.9754791 1.14743 9.639771
-1.002991 1.127975 9.622894
-0.9719391 1.151169 9.641388
-0.9765015 1.184357 9.577179
-0.9692383 1.158508 9.701736
-1.029755 1.131989 9.605133
-1.03862 1.179947 9.623306
-1.013641 1.175537 9.620377
-0.9919739 1.148819 9.609756
-0.9455566 1.209366 9.667862
-0.9771118 1.188934 9.587662
-0.9753571 1.190292 9.625732
-0.9629974 1.204987 9.631882
-1.001602 1.170639 9.639374
-1.015442 1.12709 9.638596
-1.03862 1.132782 9.634048
-1.002884 1.166946 9.633972
-0.9937592 1.175705 9.656509
-0.9689789 1.188919 9.568924
-0.9981689 1.1586 9.633835
-1.005707 1.19931 9.665421
-0.948761 1.199677 9.692535
-0.9814606 1.154755 9.636719
-0.9835663 1.174408 9.629211
-1.034637 1.127243 9.616745
-0.9966583 1.115967 9.630142
-1.006638 1.16803 9.636383
-0.9473877 1.190536 9.602448
-0.9674225 1.136429 9.642136
-0.9953461 1.170441 9.615829
-1.006775 1.179871 9.616089
-0.9793396 1.198685 9.642044
-0.9932861 1.21254 9.647858
-1.068741 1.137634 9.663956
-1.006531 1.089478 9.65004
-0.9750671 1.185623 9.663818
-0.9953461 1.158417 9.58403
-0.9653931 1.195007 9.630768
-1.001144 1.150589 9.609467
-1.012589 1.146469 9.626587
-0.9665375 1.212692 9.670334
-0.990097 1.182693 9.660477
-1.031906 1.116653 9.621109
-1.009155 1.111725 9.641174
-0.9860992 1.166641 9.67775
-0.9964142 1.201202 9.68129
-0.9780273 1.144882 9.568619
-0.973526 1.148773 9.564758
-0.9695892 1.211029 9.666718
-0.9894257 1.231628 9.605545
-0.9897614 1.159851 9.599304
-1.050888 1.145309 9.653702
-1.004578 1.097961 9.666656
-0.9762573 1.159378 9.685715
-0.9872437 1.184814 9.666382
-0.9493408 1.16011 9.575684
-0.9704742 1.142197 9.589676
-0.9888153 1.181152 9.614182
-0.9653778 1.182388 9.581909
-0.9815979 1.151779 9.65036
-1.065353 1.13089 9.662537
-0.9899292 1.128189 9.640823
-0.9989166 1.159332 9.680786
-0.9916534 1.137512 9.621155
-1.047684 1.16362 9.629227
-0.9945679 1.170746 9.588181
-0.9604797 1.169876 9.667007
-0.9933929 1.193146 9.579224
-0.983017 1.163589 9.654419
-1.0186 1.120773 9.607315
-0.9955139 1.132034 9.630859
-0.9986572 1.169754 9.645538
-1.007507 1.151596 9.601746
-1.006699 1.161804 9.628418
-0.9748993 1.179565 9.619614
-0.9956665 1.191437 9.614624
-0.9886017 1.181137 9.637161
-0.9957428 1.196945 9.640152
-1.048264 1.115234 9.659668
-1.033554 1.139236 9.618637
-0.9757385 1.159698 9.598755
-0.9902039 1.166916 9.683136
-1.021851 1.174255 9.627075
-0.9983368 1.15921 9.6185
-1.015793 1.175552 9.676865
-1.012115 1.197952 9.608429
-1.018127 1.202179 9.673965
-1.036102 1.153336 9.62175
-1.03833 1.14827 9.634872
-0.9950104 1.217438 9.631393
-1.026794 1.173706 9.63768
-1.002808 1.168686 9.550079
-0.9771118 1.160507 9.607559
-1.003967 1.205399 9.646683
-0.9989471 1.211487 9.640015
-0.9987488 1.161667 9.613174
-0.9859924 1.136154 9.633804
-0.9859924 1.136154 9.633804
-0.9773712 1.205673 9.632828
-0.993103 1.180008 9.667145
-0.9915161 1.187729 9.619568
-0.9612579 1.179108 9.693146
-0.9853821 1.230911 9.627319
-0.9853668 1.124512 9.622131
-1.048462 1.161774 9.684845
-1.032257 1.12085 9.613892
-0.9741821 1.184204 9.65712
-0.9433746 1.185898 9.609589
-1.011749 1.217072 9.632568
-0.9648132 1.139008 9.602859
-0.984787 1.151306 9.683487
-1.00975 1.208267 9.616547
-1.049225 1.143524 9.629898
-1.025681 1.111603 9.598587
-0.9550629 1.167694 9.659485
-1.003693 1.142792 9.625488
-1.022675 1.169098 9.602783
-0.976181 1.143005 9.633606
-1.016357 1.210083 9.567322
-0.9806976 1.178848 9.658569
-1.033707 1.190933 9.638062
-1.002472 1.166412 9.643219
-1.039017 1.151962 9.612091
-1.000488 1.14296 9.672806
-0.9951935 1.150269 9.600021
-0.9826202 1.193695 9.582443
-0.9807129 1.161072 9.617813
-0.9949951 1.188385 9.609756
-0.9911041 1.192398 9.613968
-0.9743195 1.182968 9.633301
-1.00296 1.161163 9.617096
-1.056198 1.137222 9.653412
-0.9797516 1.15564 9.634293
-1.043625 1.149063 9.625061
-0.9729767 1.16922 9.624756
-0.9830933 1.133774 9.605057
-0.9405212 1.193085 9.638916
-1.023376 1.205521 9.655914
-0.9663086 1.204025 9.616302
-1.008133 1.170853 9.640884
-1.036163 1.10199 9.649521
-0.9860535 1.176575 9.672943
-0.9860535 1.176575 9.672943
-0.9972076 1.167191 9.6082
-0.9812775 1.144455 9.648422
-1.035187 1.17366 9.601501
-0.9754639 1.175919 9.633331
-0.9504547 1.175537 9.671143
-1.011749 1.180283 9.611191
-1.024673 1.159027 9.624771
-0.9918671 1.164749 9.673523
-0.9702454 1.18605 9.607178
-0.9859009 1.190689 9.617554
-0.9690399 1.129288 9.604248
-0.9589996 1.136292 9.642349
-0.9899139 1.193207 9.626389
-1.011978 1.153564 9.647217
-1.017899 1.137344 9.604095
-0.9597778 1.169434 9.622192
-1.006622 1.173035 9.650208
-0.9973602 1.189621 9.625412
-0.9958191 1.132187 9.566238
-0.9953766 1.136078 9.659897
-1.010696 1.213211 9.604843
-0.9672546 1.196976 9.651306
-1.031189 1.140961 9.625
-1.010025 1.141632 9.604538
-0.9781494 1.145813 9.646835
-1.009125 1.16124 9.616119
-0.9763947 1.165253 9.627518
-0.9742432 1.150391 9.58374
-0.969696 1.166733 9.642532
-0.9862213 1.149582 9.622025
-1.004654 1.162155 9.64978
-0.9910583 1.149506 9.645035
-1.024384 1.182053 9.580872
-0.9675598 1.172028 9.629929
-0.9936371 1.164398 9.640427
-0.9780273 1.161057 9.588318
-0.9920349 1.171036 9.613083
-0.993576 1.144485 9.61554
-0.9993744 1.148193 9.555908
-0.9984131 1.182083 9.645874
-1.039139 1.171234 9.638321
-1.026321 1.151108 9.592117
-0.9905853 1.151031 9.620438
-0.9897003 1.185989 9.63588
-0.9685974 1.162201 9.63945
-0.9732056 1.098785 9.581177
-0.9685059 1.161896 9.595062
-0.9716949 1.15358 9.585434
-1.011917 1.190918 9.649323
-0.9829407 1.157791 9.653503
-1.01828 1.165115 9.668488
-1.018875 1.119064 9.596298
-0.9834595 1.184692 9.653397
-1.002808 1.166428 9.675858
-0.9844208 1.147522 9.612442
-1.00621 1.174683 9.601395
-1.029831 1.223343 9.625122
-0.9637299 1.182388 9.695969
-0.9938812 1.185608 9.659622
-1.014877 1.186951 9.634781
-0.9992371 1.105118 9.621918
-0.9845734 1.18689 9.631653
-0.9982452 1.188614 9.600662
-0.9531097 1.177017 9.563492
-0.9888916 1.156448 9.567917
-0.9723663 1.184616 9.598038
-0.995163 1.17688 9.62381
-1.008667 1.184372 9.625748
-1.033249 1.127594 9.648575
-1.03186 1.130676 9.595062
-0.9814606 1.170242 9.629456
-0.9776001 1.156479 9.655518
-0.9979401 1.189713 9.607788
-0.9862061 1.182419 9.635071
-0.984375 1.169296 9.603928
-1.045471 1.206665 9.626831
-1.011047 1.216904 9.630951
-0.9868164 1.176743 9.654114
-1.027756 1.162582 9.619781
-0.9956665 1.12941 9.638657
-0.9932251 1.147095 9.630722
-0.9711151 1.178223 9.658981
-0.9893951 1.181671 9.613739
-0.9555817 1.1633 9.617905
-0.9827881 1.17868 9.574829
-0.980011 1.175644 9.680527
-1.016602 1.134552 9.702454
-1.007782 1.151855 9.663467
-0.9890137 1.162689 9.643677
-0.9880981 1.210938 9.672211
-0.9958496 1.183563 9.619995
-0.9721222 1.165115 9.609131
-0.9720306 1.188568 9.597565
-0.9720306 1.188568 9.597565
-0.9842072 1.183548 9.660919
-0.9883881 1.167709 9.629639
-0.9828033 1.134598 9.596786
-1.004745 1.14566 9.642685
-0.9859619 1.189529 9.640945
-0.9699402 1.187027 9.637375
-0.9662933 1.131943 9.606461
-0.9987183 1.154388 9.630981
-0.9760742 1.152634 9.601028
-0.9658508 1.20636 9.661484
-0.980545 1.178497 9.694122
-1.015152 1.167114 9.679764
-1.008301 1.151443 9.603165
-0.9927979 1.182083 9.632645
-0.9995728 1.138351 9.606735
-1.010361 1.158997 9.624023
-0.9863129 1.185303 9.622528
-0.9831543 1.156769 9.610245
-0.9908447 1.174255 9.624054
-1.00325 1.173492 9.577377
-0.9853363 1.169479 9.627655
-0.961441 1.182709 9.646423
-1.018219 1.17894 9.619461
-0.9698181 1.16864 9.648117
-0.9879761 1.183807 9.628754
-0.9838409 1.151352 9.614594
-1.01355 1.139816 9.644241
-1.001266 1.190552 9.659042
-0.9689331 1.168381 9.606598
-0.9965515 1.178604 9.616089
-1.004974 1.164169 9.648056
-1.034485 1.168076 9.61882
-1.013474 1.152237 9.591095
-0.9671936 1.155518 9.646347
-0.9880066 1.180664 9.610519
-1.004211 1.134842 9.629318
-0.9883118 1.144669 9.60936
-0.9867706 1.183197 9.614044
-1.016449 1.164291 9.65004
-1.014359 1.160431 9.672913
-1.019318 1.186264 9.625641
-1.006882 1.192215 9.629013
-0.9775391 1.165802 9.63475
-1.00647 1.177841 9.656296
-1.046646 1.134613 9.645676
-1.000381 1.167984 9.614105
-0.9859772 1.143585 9.631226
-1.011429 1.225098 9.699432
-1.019562 1.12886 9.655075
-0.9871521 1.133072 9.590179
-0.976944 1.177826 9.639801
-0.9865112 1.141235 9.631775
-0.998764 1.191238 9.637466
-0.9714203 1.139282 9.636993
-0.9884491 1.151001 9.60675
-0.9917603 1.164948 9.619278
-0.9981384 1.177338 9.639603
-0.9910431 1.169525 9.636307
-0.9946136 1.175537 9.642822
-1.033554 1.173706 9.636566
-0.9981232 1.162689 9.650223
-0.9994965 1.17334 9.626907
-0.9545593 1.169632 9.61969
-0.9816589 1.16629 9.642456
-1.019547 1.194412 9.611572
-1.007614 1.173294 9.593079
-0.9894714 1.16037 9.623611
-0.9907837 1.140869 9.652969
-1.004639 1.178345 9.627808
-0.9811401 1.168503 9.618866
-0.9803925 1.157928 9.602951
-0.9895782 1.173294 9.639664
-1.004074 1.155289 9.633011
-0.9833527 1.172638 9.642776
-0.9926605 1.156403 9.598114
-1.006287 1.174194 9.621063
-0.9848022 1.176559 9.618927
-1.011887 1.196411 9.619003
-1 1.188507 9.615723
-0.9969025 1.193573 9.64476
-0.9921417 1.185974 9.636307
-1.001816 1.161575 9.630859
-0.9916687 1.173157 9.579239
-1.013931 1.158569 9.64064
-0.9867554 1.146423 9.622574
-0.9981079 1.148178 9.596497
-1.036209 1.177902 9.627396
-1.0065 1.159744 9.631546
-0.986969 1.161194 9.595016
-0.9619904 1.148102 9.640152
-1.006119 1.17421 9.623123
-1.021408 1.143509 9.623489
-0.9987793 1.157516 9.630219
-0.9987793 1.157516 9.630219
-0.9610901 1.189896 9.649673
-0.9970093 1.151901 9.684845
-1.011108 1.171432 9.605179
-0.9909821 1.134674 9.617523
-0.9888153 1.154297 9.611298
-0.9868469 1.158447 9.632828
-0.9967499 1.183395 9.627991
-0.9897614 1.203369 9.63327
-0.9830017 1.157913 9.642532
-1.009918 1.199295 9.606598
-1.006027 1.208939 9.686813
-1.003616 1.173523 9.663254
-1.003616 1.173523 9.663254
-1.003616 1.173523 9.663254
-1.0103 1.152771 9.585678
-1.0103 1.152771 9.585678
-1.022369 1.169312 9.628098
-1.022369 1.169312 9.628098
-0.9822845 1.13974 9.623367
-0.971817 1.167953 9.658783
-0.984726 1.168106 9.64827
-1.000259 1.155411 9.62851
-0.9932861 1.156479 9.627899
-1.028183 1.176605 9.610565
-0.9757538 1.171234 9.616837
-1.007721 1.169632 9.671097
-1.002731 1.170868 9.5867
-0.9981232 1.109268 9.633057
-1.044083 1.146652 9.633011
-1.005264 1.174149 9.629272
-1.00209 1.146423 9.670044
-0.9851685 1.159073 9.652222
-0.997467 1.155716 9.614166
-1.026978 1.177719 9.655533
-0.9880981 1.174881 9.658493
-1.02449 1.159668 9.667465
-0.9661865 1.161499 9.644913
-0.9730988 1.151108 9.621353
-0.9938202 1.157227 9.616257
-0.983017 1.165771 9.613449
-1.000107 1.181458 9.60675
-1.002808 1.161194 9.61821
-0.9936066 1.143311 9.603683
-0.9953461 1.169052 9.620102
-1.011581 1.179657 9.610764
-1.00882 1.178223 9.602798
-0.9874878 1.197342 9.620407
-0.9898224 1.158432 9.618896
-0.9927521 1.166351 9.638489
-0.9524689 1.15065 9.638336
-0.9751129 1.165192 9.608414
-0.9966125 1.165237 9.638397
-0.9849854 1.176788 9.621719
-1.00737 1.14595 9.609009
-0.961731 1.180527 9.640533
-0.9886017 1.146957 9.635391
-1.000717 1.142899 9.574707
-0.9968567 1.169266 9.638855
-1.019836 1.129028 9.616272
-0.9642487 1.164444 9.59787
-0.9858704 1.192261 9.613708
-1.016113 1.206177 9.603119
-0.9807434 1.146622 9.648911
-0.9888458 1.158447 9.592438
-0.9836731 1.158234 9.65947
-1.00209 1.1754 9.674454
-0.9824219 1.144058 9.654907
-0.963623 1.203064 9.632004
-0.9770203 1.168579 9.630539
-0.9720612 1.180176 9.661331
-1.003342 1.180099 9.693329
-0.9571381 1.15448 9.626434
-0.9885101 1.166946 9.698807
-1.002197 1.202545 9.64386
-1.000229 1.160049 9.645004
-0.9960175 1.143845 9.549149
-0.9883118 1.180283 9.599258
-1.001389 1.170395 9.626938
-1.008453 1.159698 9.655472
-0.9800415 1.17099 9.669434
-1.006378 1.178238 9.661469
-0.9909973 1.184677 9.645248
-0.9744263 1.118484 9.703705
-0.9766083 1.150406 9.657471
-0.9806671 1.168503 9.603531
-1.013916 1.136124 9.615723
-0.9925537 1.150177 9.59761
-0.9808655 1.166595 9.646118
-0.9802094 1.171432 9.632339
-1.02417 1.179977 9.636505
-0.977066 1.176636 9.670135
-0.9838867 1.180588 9.608246
-0.9859161 1.166306 9.578995
-0.9970703 1.176285 9.604706
-1.012955 1.161148 9.593719
-1.001694 1.132523 9.60733
-0.9788208 1.168671 9.669815
-0.9848785 1.169952 9.680084
-0.9748077 1.168549 9.647171
-0.9859772 1.130829 9.663803
-0.9843903 1.133408 9.65094
-1.020935 1.163818 9.606888
-0.9995117 1.178391 9.687866
-1.027847 1.137421 9.616486
-0.9875488 1.145004 9.597763
-1.007477 1.179916 9.666519
-1.001328 1.16301 9.693436
-1.001953 1.191589 9.583099
-1.014893 1.163147 9.665222
-0.970047 1.162186 9.647293
-1.032928 1.174286 9.604324
-0.9841614 1.150879 9.633118
-1.016953 1.142548 9.602081
-1.021866 1.154037 9.646881
-0.9773865 1.194214 9.649338
-0.9886017 1.14563 9.617416
-0.976059 1.146027 9.618134
-1.014786 1.185043 9.621979
-0.990509 1.171768 9.6642
-1.009674 1.146835 9.635818
-0.9735413 1.174286 9.617508
-0.9655914 1.186356 9.613037
-0.994278 1.14769 9.612015
-0.9898376 1.146027 9.623642
-0.9943237 1.185669 9.651108
-1.029739 1.184509 9.664886
-1.018936 1.137344 9.616302
-1.010651 1.160522 9.619614
-0.9845734 1.190002 9.586761
-0.9806519 1.184494 9.629547
-1.022781 1.145691 9.680038
-1.012985 1.148636 9.614731
-0.9780731 1.16687 9.626312
-0.9972229 1.163345 9.62059
-1.004562 1.166565 9.660614
-1.023804 1.197067 9.608383
-0.9839935 1.160309 9.641922
-1.006256 1.151382 9.580536
-0.9748535 1.169281 9.625656
-0.9948273 1.190903 9.611816
-1.026291 1.16124 9.58902
-1.004517 1.165833 9.689163
-1.00502 1.181076 9.633835
-0.9672699 1.190201 9.610657
-0.971283 1.162476 9.625443
-0.9901123 1.18483 9.643417
-1.013519 1.156891 9.614578
-1.000427 1.148758 9.645966
-1.008438 1.196121 9.634689
-1.003296 1.147614 9.612396
-0.9915771 1.172546 9.641571
-1.004791 1.160751 9.640823
-0.9887543 1.192627 9.636322
-0.9768066 1.138916 9.685928
-1.012207 1.143219 9.610031
-1.045334 1.194565 9.611755
-1.006149 1.165024 9.618561
-0.9783783 1.172119 9.625534
-1.003754 1.174271 9.613495
-0.9705505 1.157593 9.614563
-1.010834 1.161377 9.642685
-0.9838409 1.166794 9.617676
-0.9963837 1.160492 9.611618
-0.9834595 1.158035 9.651672
-0.9924316 1.171921 9.613205
-0.9943237 1.167389 9.657715
-0.9940338 1.185379 9.625656
-1.006851 1.143372 9.6362
-0.9960175 1.199585 9.659607
-1.028915 1.141891 9.618408
-1.023254 1.197113 9.60675
-0.9928894 1.188339 9.634293
-0.9998322 1.165268 9.609024
-0.9944611 1.142853 9.644897
-1.012207 1.143539 9.624908
-0.9956055 1.175278 9.64386
-0.9956055 1.175278 9.64386
-0.9828644 1.167175 9.617111
-0.9964905 1.155212 9.62471
-1.001038 1.158173 9.619705
-1.003723 1.139206 9.632462
-0.9824371 1.174316 9.640335
-1.004211 1.193649 9.631516
-1.0271 1.16188 9.605148
-0.9665375 1.146072 9.612473
-0.9625854 1.16774 9.609528
-1.023224 1.159302 9.650925
-1.030884 1.176086 9.670837
-1.007645 1.154236 9.611877
-0.9881744 1.152588 9.644684
-0.9951477 1.148758 9.601288
-0.9967804 1.140457 9.651001
-0.9732208 1.179352 9.650482
-0.9768524 1.157181 9.643417
-0.9981232 1.160065 9.590515
-0.9657288 1.184113 9.610992
-1.028198 1.156174 9.612259
-0.964798 1.145004 9.627289
-1.001938 1.160736 9.657303
-1.010223 1.186462 9.627777
-0.9838104 1.173141 9.593689
-0.9715881 1.146774 9.645279
-1.004272 1.153427 9.633881
-1.001129 1.151978 9.624527
-0.9893188 1.171509 9.638626
-1.033066 1.17334 9.631409
-1.008911 1.160568 9.607224
-0.9899597 1.172501 9.626556
-1.014374 1.199127 9.633652
-1.020889 1.177612 9.633011
-0.9963684 1.147263 9.615311
-0.9811554 1.158691 9.651398
-1.000259 1.149033 9.652969
-1.010422 1.136734 9.600967
-1.003418 1.183456 9.632233
-1.010345 1.195709 9.630096
-1.00296 1.123138 9.639542
-0.9981232 1.143555 9.617905
-0.9972229 1.204849 9.668854
-1.008224 1.163712 9.611267
-0.9915161 1.165512 9.592941
-1.004349 1.157242 9.616516
